fecha	objective	metric	first_metric_only	boost_from_average	feature_pre_filter	verbosity	max_depth	min_gain_to_split	lambda_l1	lambda_l2	max_bin	num_iterations	force_row_wise	seed	learning_rate	feature_fraction	min_data_in_leaf	num_leaves	envios	ganancia	iteracion
20231007 034258	binary	custom	TRUE	TRUE	FALSE	-100	-1	0	0	0	31	800	TRUE	880007	0.183616565879667	0.574997108681127	1744	608	8664	514388000	1
20231007 041218	binary	custom	TRUE	TRUE	FALSE	-100	-1	0	0	0	31	1436	TRUE	880007	0.122115057908231	0.640203073099256	5222	537	7253	424004000	2
20231007 045801	binary	custom	TRUE	TRUE	FALSE	-100	-1	0	0	0	31	1286	TRUE	880007	0.135305113457143	0.550364932846278	4670	497	9154	512414000	3
20231007 054026	binary	custom	TRUE	TRUE	FALSE	-100	-1	0	0	0	31	1536	TRUE	880007	0.213452292649774	0.813943663192913	4219	691	11479	606312000	4
20231007 055653	binary	custom	TRUE	TRUE	FALSE	-100	-1	0	0	0	31	479	TRUE	880007	0.161585748844896	0.361263265563175	2524	274	6072	360794000	5
20231007 061943	binary	custom	TRUE	TRUE	FALSE	-100	-1	0	0	0	31	846	TRUE	880007	0.280027103312896	0.282927633207291	3632	817	11568	595084000	6
20231007 063627	binary	custom	TRUE	TRUE	FALSE	-100	-1	0	0	0	31	828	TRUE	880007	0.252031857444672	0.637253838982433	6151	865	13269	604366000	7
20231007 070047	binary	custom	TRUE	TRUE	FALSE	-100	-1	0	0	0	31	1177	TRUE	880007	0.153009401987074	0.782760135484859	5095	411	12421	605647000	8
20231007 075330	binary	custom	TRUE	TRUE	FALSE	-100	-1	0	0	0	31	1740	TRUE	880007	0.100315974335652	0.233681814167649	3320	969	14883	681058000	9
20231007 084753	binary	custom	TRUE	TRUE	FALSE	-100	-1	0	0	0	31	2329	TRUE	880007	0.0408867920904886	0.869450423372909	2893	903	7792	463456000	10
20231007 115048	binary	custom	TRUE	TRUE	FALSE	-100	-1	0	0	0	31	800	TRUE	880007	0.183616565879667	0.574997108681127	1744	608	8664	514388000	11
20231007 121921	binary	custom	TRUE	TRUE	FALSE	-100	-1	0	0	0	31	1436	TRUE	880007	0.122115057908231	0.640203073099256	5222	537	7253	424004000	12
20231007 130445	binary	custom	TRUE	TRUE	FALSE	-100	-1	0	0	0	31	1286	TRUE	880007	0.135305113457143	0.550364932846278	4670	497	9154	512414000	13
20231007 133732	binary	custom	TRUE	TRUE	FALSE	-100	-1	0	0	0	31	1536	TRUE	880007	0.213452292649774	0.813943663192913	4219	691	11479	606312000	14
20231007 135355	binary	custom	TRUE	TRUE	FALSE	-100	-1	0	0	0	31	479	TRUE	880007	0.161585748844896	0.361263265563175	2524	274	6072	360794000	15
20231007 141641	binary	custom	TRUE	TRUE	FALSE	-100	-1	0	0	0	31	846	TRUE	880007	0.280027103312896	0.282927633207291	3632	817	11568	594797000	16
20231007 143320	binary	custom	TRUE	TRUE	FALSE	-100	-1	0	0	0	31	828	TRUE	880007	0.252031857444672	0.637253838982433	6151	865	13269	604366000	17
20231007 145806	binary	custom	TRUE	TRUE	FALSE	-100	-1	0	0	0	31	1177	TRUE	880007	0.153009401987074	0.782760135484859	5095	411	12421	605647000	18
20231007 154023	binary	custom	TRUE	TRUE	FALSE	-100	-1	0	0	0	31	1740	TRUE	880007	0.100315974335652	0.233681814167649	3320	969	14883	681058000	19
20231007 163551	binary	custom	TRUE	TRUE	FALSE	-100	-1	0	0	0	31	2329	TRUE	880007	0.0408867920904886	0.869450423372909	2893	903	7792	463456000	20
20231007 180224	binary	custom	TRUE	TRUE	FALSE	-100	-1	0	0	0	31	2024	TRUE	880007	0.0568275486445054	0.918895128807053	616	459	13974	713587000	21
20231007 180620	binary	custom	TRUE	TRUE	FALSE	-100	-1	0	0	0	31	118	TRUE	880007	0.186674373747315	0.937214871561155	6860	227	6941	349986000	22
20231007 181454	binary	custom	TRUE	TRUE	FALSE	-100	-1	0	0	0	31	190	TRUE	880007	0.210637631701538	0.511295843087137	6472	997	5533	295001000	23
20231007 185427	binary	custom	TRUE	TRUE	FALSE	-100	-1	0	0	0	31	1195	TRUE	880007	0.0734630876206793	0.327403788119555	160	318	10701	608335000	24
20231007 234153	binary	custom	TRUE	TRUE	FALSE	-100	-1	0	0	0	31	9540	TRUE	880007	0.0205745441642357	0.418525140313432	5790	647	10210	551327000	25
20231007 235144	binary	custom	TRUE	TRUE	FALSE	-100	-1	0	0	0	31	507	TRUE	880007	0.083500329754781	0.690013111596927	2366	47	5218	289464000	26
20231008 002412	binary	custom	TRUE	TRUE	FALSE	-100	-1	0	0	0	31	983	TRUE	880007	0.286469361701864	0.47413924889639	1015	100	14209	676921000	27
20231008 005319	binary	custom	TRUE	TRUE	FALSE	-100	-1	0	0	0	31	1477	TRUE	880007	0.0330472656186903	0.994576695617288	7789	138	12874	542486000	28
20231008 010725	binary	custom	TRUE	TRUE	FALSE	-100	-1	0	0	0	31	557	TRUE	880007	0.265684582962189	0.2519327390939	7553	204	8120	415394000	29
20231008 012403	binary	custom	TRUE	TRUE	FALSE	-100	-1	0	0	0	31	513	TRUE	880007	0.228189724945696	0.742200227910653	1389	753	9881	554561000	30
20231008 015531	binary	custom	TRUE	TRUE	FALSE	-100	-1	0	0	0	31	923	TRUE	880007	0.0947398513116693	0.616826956042822	3	626	14987	701757000	31
20231008 020417	binary	custom	TRUE	TRUE	FALSE	-100	-1	0	0	0	31	118	TRUE	880007	0.172720082763117	0.999476175441879	11	678	14250	570787000	32
20231008 102854	binary	custom	TRUE	TRUE	FALSE	-100	-1	0	0	0	31	9981	TRUE	880007	0.0100877833594076	0.522281515329973	1302	449	14901	715603000	33
20231008 115524	binary	custom	TRUE	TRUE	FALSE	-100	-1	0	0	0	31	2531	TRUE	880007	0.0530846044030521	0.606196599602904	1327	562	14187	712103000	34
20231008 135739	binary	custom	TRUE	TRUE	FALSE	-100	-1	0	0	0	31	3155	TRUE	880007	0.0276798532986559	0.81096277707681	11	370	15000	724787000	35
20231008 144941	binary	custom	TRUE	TRUE	FALSE	-100	-1	0	0	0	31	1464	TRUE	880007	0.0674735005655309	0.200365810422524	157	404	15000	735854000	36
20231008 160319	binary	custom	TRUE	TRUE	FALSE	-100	-1	0	0	0	31	2610	TRUE	880007	0.0754116148182331	0.373456435980538	529	88	15000	700707000	37
20231008 193735	binary	custom	TRUE	TRUE	FALSE	-100	-1	0	0	0	31	5968	TRUE	880007	0.0167320818655866	0.2033037718958	31	631	14997	747642000	38
20231008 212317	binary	custom	TRUE	TRUE	FALSE	-100	-1	0	0	0	31	2798	TRUE	880007	0.0136209350666311	0.243993045144351	6	839	15000	733173000	39
20231008 221920	binary	custom	TRUE	TRUE	FALSE	-100	-1	0	0	0	31	1718	TRUE	880007	0.0381536033320396	0.25557631966006	3	572	14997	730100000	40
20231009 012554	binary	custom	TRUE	TRUE	FALSE	-100	-1	0	0	0	31	4185	TRUE	880007	0.0100888929786993	0.827353498211961	4	641	13708	691278000	41
20231009 014127	binary	custom	TRUE	TRUE	FALSE	-100	-1	0	0	0	31	1007	TRUE	880007	0.299791568017542	0.874753078833056	4528	29	14996	613221000	42
20231009 051313	binary	custom	TRUE	TRUE	FALSE	-100	-1	0	0	0	31	8117	TRUE	880007	0.0106200046434241	0.201359374695926	180	383	14999	743519000	43
20231009 054155	binary	custom	TRUE	TRUE	FALSE	-100	-1	0	0	0	31	1259	TRUE	880007	0.233961745444472	0.20000079718077	2524	249	15000	709688000	44
20231009 063409	binary	custom	TRUE	TRUE	FALSE	-100	-1	0	0	0	31	2287	TRUE	880007	0.058250507629716	0.868518173757454	3189	645	14999	688842000	45
20231009 101602	binary	custom	TRUE	TRUE	FALSE	-100	-1	0	0	0	31	9979	TRUE	880007	0.0118534285736299	0.201444259983691	1871	490	14996	704424000	46
20231009 153219	binary	custom	TRUE	TRUE	FALSE	-100	-1	0	0	0	31	9937	TRUE	880007	0.0106813406084365	0.740954360503225	694	413	14999	740502000	47
20231009 155603	binary	custom	TRUE	TRUE	FALSE	-100	-1	0	0	0	31	966	TRUE	880007	0.244345276422339	0.200309470836084	1266	559	15000	709156000	48
20231009 163647	binary	custom	TRUE	TRUE	FALSE	-100	-1	0	0	0	31	1227	TRUE	880007	0.0882076231308982	0.756546154872712	972	345	15000	722421000	49
20231009 200932	binary	custom	TRUE	TRUE	FALSE	-100	-1	0	0	0	31	9392	TRUE	880007	0.010021228472498	0.938688393870156	692	154	14994	701071000	50
20231009 232131	binary	custom	TRUE	TRUE	FALSE	-100	-1	0	0	0	31	9991	TRUE	880007	0.0111416984031159	0.68367527829709	4952	970	14998	647199000	51
20231009 235333	binary	custom	TRUE	TRUE	FALSE	-100	-1	0	0	0	31	1455	TRUE	880007	0.235509115403363	0.200312915943071	4359	612	15000	677453000	52
20231010 003409	binary	custom	TRUE	TRUE	FALSE	-100	-1	0	0	0	31	1092	TRUE	880007	0.299955439054325	0.579983031987104	2532	476	14993	696857000	53
20231010 011514	binary	custom	TRUE	TRUE	FALSE	-100	-1	0	0	0	31	1928	TRUE	880007	0.0641450412569976	0.20162867595241	7993	821	15000	603421000	54
20231010 043730	binary	custom	TRUE	TRUE	FALSE	-100	-1	0	0	0	31	6875	TRUE	880007	0.0133326486877864	0.216652156817687	516	685	14994	744800000	55
20231010 092508	binary	custom	TRUE	TRUE	FALSE	-100	-1	0	0	0	31	9948	TRUE	880007	0.0101130756925499	0.727647594929923	592	282	14011	711095000	56
20231010 143748	binary	custom	TRUE	TRUE	FALSE	-100	-1	0	0	0	31	9591	TRUE	880007	0.0122538120207756	0.78220910814522	859	1023	15000	738276000	57
20231010 172639	binary	custom	TRUE	TRUE	FALSE	-100	-1	0	0	0	31	5883	TRUE	880007	0.0195647050689681	0.996859822270598	1664	988	14997	708358000	58
20231010 181334	binary	custom	TRUE	TRUE	FALSE	-100	-1	0	0	0	31	1203	TRUE	880007	0.211977395787563	0.559558730766192	2396	1024	14996	704032000	59
20231010 181543	binary	custom	TRUE	TRUE	FALSE	-100	-1	0	0	0	31	30	TRUE	880007	0.299792422173783	0.20074912664879	93	16	14996	439880000	60
20231010 185246	binary	custom	TRUE	TRUE	FALSE	-100	-1	0	0	0	31	972	TRUE	880007	0.252275100536166	0.508791632293177	2059	445	13973	685797000	61
20231010 193405	binary	custom	TRUE	TRUE	FALSE	-100	-1	0	0	0	31	1617	TRUE	880007	0.101937177555977	0.201117315947832	984	437	14499	723863000	62
20231011 010715	binary	custom	TRUE	TRUE	FALSE	-100	-1	0	0	0	31	9723	TRUE	880007	0.0102601420972188	0.713549481435087	369	637	14998	740061000	63
20231011 021148	binary	custom	TRUE	TRUE	FALSE	-100	-1	0	0	0	31	1993	TRUE	880007	0.0669994688644824	0.749943257878449	922	858	14990	730513000	64
20231011 025523	binary	custom	TRUE	TRUE	FALSE	-100	-1	0	0	0	31	1641	TRUE	880007	0.0707276168708428	0.200705492269441	741	352	13113	689101000	65
20231011 032621	binary	custom	TRUE	TRUE	FALSE	-100	-1	0	0	0	31	1160	TRUE	880007	0.174263376924538	0.23143011383922	1252	1015	14979	721378000	66
20231011 040522	binary	custom	TRUE	TRUE	FALSE	-100	-1	0	0	0	31	958	TRUE	880007	0.20925421842868	0.546982087212339	1323	211	15000	715575000	67
20231011 055050	binary	custom	TRUE	TRUE	FALSE	-100	-1	0	0	0	31	2808	TRUE	880007	0.0340619401291841	0.626757882913548	601	1022	15000	737121000	68
20231011 060933	binary	custom	TRUE	TRUE	FALSE	-100	-1	0	0	0	31	538	TRUE	880007	0.296506649172137	0.610383680677746	1381	1024	14996	682199000	69
20231011 063316	binary	custom	TRUE	TRUE	FALSE	-100	-1	0	0	0	31	1120	TRUE	880007	0.113117944859104	0.998887649891172	5686	1021	15000	639338000	70
20231011 071801	binary	custom	TRUE	TRUE	FALSE	-100	-1	0	0	0	31	2106	TRUE	880007	0.0996130079846686	0.20028079379678	6164	50	14999	647451000	71
20231011 080241	binary	custom	TRUE	TRUE	FALSE	-100	-1	0	0	0	31	1310	TRUE	880007	0.239101495596826	0.456467601322883	3354	122	14999	695709000	72
20231011 081545	binary	custom	TRUE	TRUE	FALSE	-100	-1	0	0	0	31	412	TRUE	880007	0.297904201915052	0.429415524119581	7986	17	15000	543550000	73
20231011 093031	binary	custom	TRUE	TRUE	FALSE	-100	-1	0	0	0	31	2205	TRUE	880007	0.0541380926478439	0.614790557691978	696	434	14999	736890000	74
20231011 093816	binary	custom	TRUE	TRUE	FALSE	-100	-1	0	0	0	31	633	TRUE	880007	0.289037032808097	0.769175901352428	1395	17	12419	504413000	75
20231011 121229	binary	custom	TRUE	TRUE	FALSE	-100	-1	0	0	0	31	4827	TRUE	880007	0.0237419452554349	0.760814310010874	1067	1024	11918	653156000	76
20231011 130734	binary	custom	TRUE	TRUE	FALSE	-100	-1	0	0	0	31	2488	TRUE	880007	0.0691084704659419	0.200719558567948	4096	1023	11990	609819000	77
20231011 133746	binary	custom	TRUE	TRUE	FALSE	-100	-1	0	0	0	31	1230	TRUE	880007	0.161587285333643	0.200443525479048	1658	464	15000	720524000	78
20231011 162557	binary	custom	TRUE	TRUE	FALSE	-100	-1	0	0	0	31	5019	TRUE	880007	0.0219130630142554	0.771893647230765	668	506	14693	727244000	79
20231011 181140	binary	custom	TRUE	TRUE	FALSE	-100	-1	0	0	0	31	4528	TRUE	880007	0.0265690208267866	0.994498970488086	3231	1024	13312	645848000	80
20231011 190014	binary	custom	TRUE	TRUE	FALSE	-100	-1	0	0	0	31	1724	TRUE	880007	0.0739527328860253	0.232135412581813	682	1021	14016	716478000	81
20231011 192601	binary	custom	TRUE	TRUE	FALSE	-100	-1	0	0	0	31	1134	TRUE	880007	0.299856227587467	0.201841892351469	3100	1023	14449	673715000	82
20231011 195340	binary	custom	TRUE	TRUE	FALSE	-100	-1	0	0	0	31	1238	TRUE	880007	0.183654513405508	0.200025525979369	3699	161	14198	661829000	83
20231011 202534	binary	custom	TRUE	TRUE	FALSE	-100	-1	0	0	0	31	1513	TRUE	880007	0.171860228476386	0.200138580733188	7995	1024	11521	555772000	84
20231011 213112	binary	custom	TRUE	TRUE	FALSE	-100	-1	0	0	0	31	1984	TRUE	880007	0.0754061948212731	0.342995094597706	1032	1023	14993	735882000	85
20231011 235831	binary	custom	TRUE	TRUE	FALSE	-100	-1	0	0	0	31	9982	TRUE	880007	0.0102818624348623	0.999109644126288	3323	39	11359	539728000	86
20231012 010155	binary	custom	TRUE	TRUE	FALSE	-100	-1	0	0	0	31	1480	TRUE	880007	0.0993862770834909	0.561790284301771	990	1024	13399	693756000	87
20231012 013242	binary	custom	TRUE	TRUE	FALSE	-100	-1	0	0	0	31	1172	TRUE	880007	0.123413757552313	0.200781117384054	944	1021	11197	628747000	88
20231012 025159	binary	custom	TRUE	TRUE	FALSE	-100	-1	0	0	0	31	3753	TRUE	880007	0.0697072488476476	0.201546095815697	5826	630	13809	653436000	89
20231012 032123	binary	custom	TRUE	TRUE	FALSE	-100	-1	0	0	0	31	801	TRUE	880007	0.226771196432943	0.420228342050976	1287	659	15000	709107000	90
20231012 042026	binary	custom	TRUE	TRUE	FALSE	-100	-1	0	0	0	31	1325	TRUE	880007	0.0741105110497307	0.569923970484412	545	380	14171	712425000	91
20231012 044112	binary	custom	TRUE	TRUE	FALSE	-100	-1	0	0	0	31	937	TRUE	880007	0.190705423777483	0.201713512543272	6132	1024	14994	628943000	92
20231012 050207	binary	custom	TRUE	TRUE	FALSE	-100	-1	0	0	0	31	743	TRUE	880007	0.262601805528868	0.821687069771234	1770	213	14609	690746000	93
20231012 080759	binary	custom	TRUE	TRUE	FALSE	-100	-1	0	0	0	31	9424	TRUE	880007	0.0109474312473999	0.987301321430099	5974	331	14999	633031000	94
20231012 100328	binary	custom	TRUE	TRUE	FALSE	-100	-1	0	0	0	31	2602	TRUE	880007	0.0181266094990165	0.998221941840119	13	928	9873	569275000	95
20231012 101117	binary	custom	TRUE	TRUE	FALSE	-100	-1	0	0	0	31	302	TRUE	880007	0.0927389005951532	0.999976332772364	5961	1024	11571	497889000	96
20231012 104223	binary	custom	TRUE	TRUE	FALSE	-100	-1	0	0	0	31	1266	TRUE	880007	0.118594440443513	0.610638570114249	4487	358	14999	666428000	97
20231012 105026	binary	custom	TRUE	TRUE	FALSE	-100	-1	0	0	0	31	341	TRUE	880007	0.215872377594435	0.201413155428116	5663	20	11297	473977000	98
20231012 143816	binary	custom	TRUE	TRUE	FALSE	-100	-1	0	0	0	31	8525	TRUE	880007	0.0102646911647234	0.200060213848573	7	683	12261	675395000	99